98,8
3,2
3,1
3,3
10,159
10,103
10,219
10,163
10,95
10,181
10,283
10,2
10,3
11,28
11,11
11,20
11,17
11,13
11,7
11,2
11,3
8,11
8,5
8,7
8,4
8,8
12,2
12,1
12,3
19,2
19,1
19,3
178,4
178,3
178,2
178,1
178,0
177,3
177,2
177,1
177,0
175,4
175,3
175,2
175,1
175,0
174,3
174,2
174,1
174,0
98,93
98,92
98,91
98,90
98,89
98,88
98,87
98,86
98,85
98,84
98,83
98,82
98,81
98,80
98,79
98,78
98,77
98,76
98,75
98,74
98,73
98,72
98,71
98,70
98,69
98,68
98,67
98,66
98,65
98,64
98,56
98,55
98,54
98,53
98,52
98,51
98,50
98,49
98,48
98,47
98,46
98,45
98,44
98,43
98,42
98,41
98,40
98,39
98,38
98,3
98,1
97,9
97,3
97,1
96,3
96,1
95,3
95,1
93,3
93,1
92,3
92,1
87,3
87,1
86,3
86,1
85,3
85,1
84,3
84,1
20,3
